77
62
102
96
106
94
58
61
68
59
135
136
92
78
100
42
44
32
60
69
88
36
57
91
81
79
99
118
156
649
118
63
68
107
72
162
82
795
57
112
204
32
47
49
46
70
94
60
68
60
64
97
82
92
53
63
106
210
128
52
153
82
100
49
71
90
112
71
64
64
43
167
73
44
87
61
90
58
120
92
96
90
92
54
96
76
92
108
71
152
66
59
74
96
86
63
72
52
94
65
98
104
767
75
67
168
67
116
116
107
70
64
82
71
40
112
66
116
133
47
70
153
392
75
67
52
121
74
88
70
147
77
65
45
67
61
65
86
101
64
105
94
90
77
167
63
52
142
69
58
30
50
50
109
64
59
79
82
102
115
57
42
319
117
127
56
81
44
87
40
90
81
90
112
53
83
57
191
75
148
91
111
64
44
60
104
41
78
91
107
73
59
94
61
69
101
151
107
104
91
201
170
60
78
1105
56
131
143
148
60
114
276
45
126
77
213
64
86
218
50
63
37
432
55
46
94
54
200
54
60
72
73
60
46
60
55
69
52
80
53
81
118
84
81
73
66
49
61
64
76
94
76
73
71
77
66
85
83
81
69
62
146
134
90
188
258
133
186
58
55
109
69
120
47
161
107
68
107
100
64
108
56
49
69
246
108
146
82
93
75
154
32
96
68
86
96
98
58
53
47
117
94
86
83
103
64
88
98
58
83
80
117
76
102
65
79
118
57
285
71
71
94
96
55
72
91
76
72
113
58
60
55
79
45
328
75
75
61
65
138
86
70
90
82
68
79
54
90
73
96
89
52
69
92
57
183
55
80
75
45
127
82
53
53
66
73
46
141
67
68
101
86
75
65
56
54
73
157
67
47
373
189
85
145
