251
459
348
272
324
577
212
279
702
233
245
330
263
322
328
228
227
428
761
309
303
436
522
5378
326
268
373
255
418
171
331
283
246
438
238
349
323
215
221
223
359
394
193
342
232
242
183
417
331
241
371
216
372
302
229
212
373
255
250
647
225
334
294
263
490
294
270
247
181
275
221
299
189
427
271
207
323
433
293
211
352
347
618
310
400
327
383
791
292
485
311
551
257
469
3480
162
238
297
513
185
382
306
201
214
404
202
360
259
244
242
242
371
383
220
292
232
387
207
279
151
222
279
297
881
208
406
272
321
284
488
404
470
384
305
263
209
349
498
229
253
306
218
344
453
242
285
255
240
595
480
146
199
270
253
299
508
273
266
236
275
354
196
284
273
238
273
222
261
247
208
287
405
280
324
478
282
201
582
188
295
267
763
326
260
249
334
331
413
203
309
408
631
254
270
204
248
245
366
340
423
421
196
192
322
175
186
338
306
293
235
282
286
201
292
290
226
245
300
432
210
195
228
297
316
250
326
496
167
640
453
176
210
390
312
201
297
257
314
1933
308
341
205
229
263
231
266
286
357
241
185
256
241
308
276
250
265
179
280
216
226
216
175
276
427
296
158
314
214
180
259
286
402
219
223
259
192
318
167
228
272
213
193
231
291
161
288
316
268
177
257
209
233
420
284
359
862
363
301
295
1299
253
219
172
228
238
316
284
418
301
416
381
277
290
430
213
210
210
346
319
237
222
187
155
319
226
258
261
187
340
348
230
232
333
253
376
417
296
426
349
255
352
504
299
543
278
239
324
209
312
277
665
266
190
278
321
204
435
279
245
334
217
235
492
214
324
234
320
418
171
199
215
481
326
242
335
328
593
279
369
364
221
236
468
203
