31
16
16
17
43
14
13
42
25
23
38
37
43
15
14
15
27
20
21
24
33
42
46
145
9
15
46
39
150
271
180
12
54
37
39
13
29
23
30
17
66
53
21
10
21
11
27
29
33
21
16
13
32
28
29
12
18
18
10
38
256
20
13
33
10
26
35
34
35
18
16
26
21
11
15
19
17
29
36
9
30
14
11
13
60
12
46
9
56
33
9
16
13
29
74
23
38
52
6
29
55
22
22
11
23
31
24
31
21
21
50
62
35
6
51
28
7
17
15
22
11
55
23
28
12
30
16
22
27
66
34
43
45
15
23
34
27
6
23
49
27
10
10
15
39
26
28
40
13
112
31
23
35
6
15
6
30
27
10
35
12
35
21
6
25
14
20
26
15
39
279
16
71
40
13
10
36
37
11
18
25
48
21
25
14
8
6
46
23
148
18
10
26
16
14
21
11
49
14
36
33
1511
12
53
35
23
25
22
16
38
16
84
74
26
13
16
19
22
30
14
16
23
23
15
16
33
7
33
36
94
23
14
41
8
77
43
11
22
17
32
13
26
22
9
26
9
18
48
38
24
39
12
31
70
14
30
35
27
13
29
26
253
12
40
26
26
35
16
27
17
20
6
45
18
13
30
52
33
31
36
39
26
19
47
34
25
21
29
33
6
183
15
23
11
14
5
14
28
10
25
108
21
24
21
20
21
35
30
17
16
18
21
17
36
46
35
25
68
18
48
10
19
575
21
5
12
20
39
12
21
17
19
13
19
56
16
27
13
34
35
20
11
19
37
24
14
31
54
26
58
60
7
13
48
21
17
20
8
20
17
29
31
19
14
20
17
26
8
28
48
27
30
20
4
62
11
20
21
27
37
25
12
37
13
