1
4
1
0
13
6
3
4
2
10
5
1
1
6
1
9
3
1
4
6
19
4
0
3
2
1
6
7
3
7
6
0
0
4
60
3
0
0
0
0
0
7
4
3
4
1
7
0
5
19
3
3
0
0
3
2
1
9
6
20
0
3
1
2
1
8
0
2
1
5
1
2
2
1
0
1
1
10
602
0
6
0
2
3
7
2
0
1
3
0
0
3
0
3
34
1
0
1
5
1
2
1
5
2
0
1
10
10
3
0
5
5
22
0
4
3
18
1
4
2
9
2
0
1
2
0
1
1
5
4
0
3
0
2
1
6
0
3
3
2
0
3
4
0
0
0
2
26
1
0
0
4
8
0
1
15
0
0
4
6
4
2
4
0
6
0
4
4
13
2
3
14
2
0
1
4
3
0
1
24
0
1
2
5
4
0
1
4
1
1
0
2
1
0
0
0
0
0
1
7
1
2
7
16
31
6
0
0
2
0
0
2
5
0
0
0
2
3
8
2
1
1
2
25
10
1
2
2
3
2
6
12
0
1
2
0
3
1
5
1
0
4
2
0
2
13
1
1
4
1
0
4
0
1
36
4
4
0
0
3
0
5
6
1
1
36
4
0
3
0
6
6
5
5
0
0
4
1
7
4
1
2
0
1
5
15
4
1
1
1
4
0
3
1
2
1
2
0
4
8
0
1
0
9
0
6
0
4
10
4
0
4
8
0
13
4
0
0
10
0
1
1
0
14
6
0
6
0
6
1
6
0
3
9
1
0
9
1
1
4
1
3
1
1
6
1
10
0
23
0
14
7
17
3
9
11
4
0
4
0
180
0
1
10
6
3
5
27
1
3
5
2
3
5
2
0
6
1
0
2
0
0
0
0
