266
450
211
152
174
119
181
155
238
233
157
373
190
239
200
236
135
160
267
141
175
156
172
122
218
285
195
220
152
180
165
312
204
1123
228
136
228
178
266
255
129
210
163
172
213
203
117
238
178
182
195
168
147
2588
197
262
529
108
214
190
236
214
198
179
155
213
134
231
250
256
164
356
191
373
210
320
185
303
425
190
237
208
137
132
240
167
268
170
193
180
155
208
114
104
229
156
173
192
256
536
214
432
169
223
174
368
180
274
110
155
289
196
214
177
511
328
224
146
146
228
242
207
254
170
289
270
127
253
183
270
203
234
215
184
306
208
220
194
125
164
140
170
124
173
145
420
181
236
161
193
136
194
248
204
202
185
191
194
182
309
133
162
131
156
348
194
241
197
138
337
162
230
250
393
304
177
120
225
128
270
243
379
244
156
251
167
201
155
210
171
232
149
152
233
162
166
186
190
184
239
127
167
206
219
156
194
133
287
226
225
198
246
167
179
276
123
199
163
170
192
178
176
143
233
246
277
237
294
274
223
210
262
197
206
151
118
241
171
331
253
145
280
216
186
185
541
241
484
215
764
308
106
298
309
354
155
184
189
135
156
171
157
184
220
189
304
208
218
266
179
159
192
197
189
241
161
147
167
357
174
137
352
201
198
216
99
337
162
200
195
285
366
206
253
236
185
206
166
248
143
258
280
272
201
253
199
354
220
146
143
235
278
240
290
223
215
173
195
265
266
185
271
168
221
185
399
174
164
202
267
145
150
247
1205
145
176
406
190
111
241
138
201
168
305
259
174
184
201
154
179
268
387
253
187
324
392
194
178
247
139
196
187
378
228
138
166
140
144
306
134
238
267
199
147
174
153
142
204
244
162
267
149
192
85
