14
8
1
5
0
2
0
10
0
6
0
0
2
1
1
0
2
1
0
6
3
0
0
0
23
1
0
6
0
2
3
0
0
11
2
10
34
3
0
0
1
7
1
2
6
0
0
6
0
10
0
1
0
3
1
2
0
0
5
1
0
3
0
4
1
3
0
0
0
0
1
1
2
4
1
0
2
42
1
0
2
0
1
1
5
0
0
3
1
0
2
3
4
1
2
0
0
0
1
0
0
7
1
8
2
0
2
0
0
4
0
6
0
0
0
2
3
1
0
1
4
0
1
3
4
5
1
0
0
5
1
0
0
3
0
2
0
0
0
0
6
3
0
1
0
0
1
1
0
1
3
2
1
4
2
5
0
7
0
4
2
4
0
2
0
0
1
3
0
12
1
5
28
1
1
5
1
0
0
7
1
2
0
0
4
0
5
3
0
6
2
1
0
2
1
1
2
0
2
6
0
0
0
5
0
0
1
1
1
0
2
0
0
0
1
6
1
4
1
2
1
2
1
0
0
1
0
0
3
2
1
0
2
6
3
0
2
11
0
5
2
0
0
1
0
0
1
6
1
0
1
1
0
3
0
4
0
0
2
0
2
3
1
1
1
1
2
1
28
0
1
0
2
1
5
4
2
0
8
0
0
0
5
0
4
0
1
0
6
1
0
2
13
2
0
1
1
0
0
0
1
5
0
2
1
1
1
4
2
0
0
0
2
2
0
1
2
1
3
3
0
2
2
1
2
15
1
5
3
1
3
2
0
0
2
1
3
0
2
2
24
0
5
3
1
0
1
10
1
0
0
0
5
6
1
0
22
0
2
0
0
5
3
0
0
2
2
0
2
0
0
3
0
1
10
1
39
11
1
14
0
25
0
0
