10
5
4
13
18
16
8
1
12
16
27
2
16
71
3
6
2
2
61
10
9
5
5
36
2
6
2
2
23
9
3
7
3
3
1
2
20
11
16
4
14
7
5
8
22
12
25
5
26
10
16
10
2
3
10
10
8
17
17
43
7
2
22
3
16
8
8
13
3
10
24
3
49
3
6
50
4
28
10
14
16
13
48
13
10
2
16
5
15
7
10
9
12
1
11
11
11
6
14
14
19
27
16
18
2
16
5
14
11
10
14
17
5
13
8
7
8
3
8
25
15
7
22
5
10
17
4
10
7
41
7
8
5
10
5
12
21
15
1
51
9
14
11
3
81
8
10
7
12
10
11
2
22
10
28
13
25
11
4
20
7
7
13
3
4
29
8
6
9
4
13
15
7
11
16
19
16
10
10
6
11
5
6
2
9
6
10
10
19
2
9
14
8
3
29
9
11
108
7
2
8
2
7
11
73
13
12
29
96
7
16
5
34
15
5
5
6
8
9
29
12
23
12
7
40
18
20
8
2
17
5
7
10
7
79
5
10
7
5
10
5
15
11
28
15
18
8
11
5
20
141
5
13
34
92
10
6
7
14
44
2
6
4
7
9
23
83
7
6
4
8
5
7
14
10
18
0
9
9
10
11
17
5
16
1
5
9
14
11
4
26
7
8
4
15
4
10
7
8
3
13
18
17
14
8
8
25
13
9
20
7
11
14
7
8
10
13
21
5
39
4
14
2
10
1
20
2
11
37
12
21
5
16
7
20
7
10
7
16
11
26
18
9
22
7
6
6
10
3
6
12
12
3
9
3
17
5
12
2
21
17
8
5
5
16
7
11
23
15
7
17
31
35
10
8
22
3
15
33
16
3
34
4
39
